osu file format v128

[General]
AudioFilename: audio.mp3
AudioLeadIn: 0
PreviewTime: 0
Countdown: 0
SampleSet: Normal
StackLeniency: 0.7
Mode: 0
LetterboxInBreaks: 0
WidescreenStoryboard: 1

[Editor]
DistanceSpacing: 1
BeatDivisor: 4
GridSize: 4
TimelineZoom: 1

[Metadata]
Title: 
Artist: 
Creator: Guest
Version: New Difficulty

[Difficulty]
HPDrainRate: 5
CircleSize: 5
OverallDifficulty: 5
ApproachRate: 5
SliderMultiplier: 1.4
SliderTickRate: 1

[Events]
2,7037,9065
2,10465,12494
2,13894,15922
2,17322,19351
2,20751,22780
2,24180,26208
2,28465,29637
2,31894,33065
2,41322,43351
2,44751,46780
2,48180,50208
2,51608,53637
2,64465,65637
2,68751,70780
2,72180,74208
2,75608,77637
2,79037,81065
2,85894,87922

[TimingPoints]
-20,857.1428571428571,4,1,0,100,1,0

[Colours]
Combo1: 255,192,0,255
Combo2: 0,202,0,255
Combo3: 18,124,255,255
Combo4: 242,24,57,255

[HitObjects]
256,192,6837,5,0,1:0:0:0:
144,104,10265,5,0,1:0:0:0:
376,112,13694,5,0,1:0:0:0:
388,304,17122,5,0,1:0:0:0:
132,292,20551,5,0,1:0:0:0:
256,192,23980,5,0,1:0:0:0:
256,192,27408,6,0,L|100:192,1,140,0|0,1:0|1:0,1:0:0:0:
256,192,30837,6,0,L|396:192,1,140,0|0,1:0|1:0,1:0:0:0:
256,96,34265,6,0,P|334.99997:231|164.99997:176,1,420,0|0,1:0|1:0,1:0:0:0:
256,192,37694,1,0,1:0:0:0:
256,84,39408,1,0,1:0:0:0:
256,192,41122,1,0,1:0:0:0:
256,328,44551,5,0,1:0:0:0:
172,124,47980,5,0,1:0:0:0:
292,140,51408,5,0,1:0:0:0:
436,192,54837,6,0,B|319:88|123:20|83:220,1,420,0|0,1:0|1:0,1:0:0:0:
92,192,58265,6,0,B|207:88|403:20|443:224,1,420,0|0,1:0|1:0,1:0:0:0:
428,314,61694,2,0,L|82.99997:65.38336,1,420,0|0,1:0|1:0,1:0:0:0:
256,108,66837,5,0,1:0:0:0:
256,192,67694,1,0,1:0:0:0:
256,276,68551,5,0,1:0:0:0:
396,192,71980,5,0,1:0:0:0:
128,192,75408,5,0,1:0:0:0:
256,56,78837,5,0,1:0:0:0:
136,196,82265,6,0,P|257.99994:60.000015|257.99994:297,1,560,0|0,1:0|1:0,1:0:0:0:
256,192,89122,5,0,1:0:0:0:
